{
  "field" : "golden",
  "symmetry" : "icosahedral",
  "orientations" : [ [ 1.0, 0.0, 0.0, 0.0, 0.0, 1.0, 0.0, 0.0, 0.0, 0.0, 1.0, 0.0, 0.0, 0.0, 0.0, 1.0 ], [ 0.0, 0.0, 1.0, 0.0, 1.0, 0.0, 0.0, 0.0, 0.0, 1.0, 0.0, 0.0, 0.0, 0.0, 0.0, 1.0 ], [ 0.0, 1.0, 0.0, 0.0, 0.0, 0.0, 1.0, 0.0, 1.0, 0.0, 0.0, 0.0, 0.0, 0.0, 0.0, 1.0 ], [ 0.809017, 0.309017, 0.5, 0.0, 0.309017, 0.5, -0.809017, 0.0, -0.5, 0.809017, 0.309017, 0.0, 0.0, 0.0, 0.0, 1.0 ], [ -0.5, 0.809017, 0.309017, 0.0, 0.809017, 0.309017, 0.5, 0.0, 0.309017, 0.5, -0.809017, 0.0, 0.0, 0.0, 0.0, 1.0 ], [ 0.309017, 0.5, -0.809017, 0.0, -0.5, 0.809017, 0.309017, 0.0, 0.809017, 0.309017, 0.5, 0.0, 0.0, 0.0, 0.0, 1.0 ], [ 0.5, 0.809017, 0.309017, 0.0, 0.809017, -0.309017, -0.5, 0.0, -0.309017, 0.5, -0.809017, 0.0, 0.0, 0.0, 0.0, 1.0 ], [ -0.309017, 0.5, -0.809017, 0.0, 0.5, 0.809017, 0.309017, 0.0, 0.809017, -0.309017, -0.5, 0.0, 0.0, 0.0, 0.0, 1.0 ], [ 0.809017, -0.309017, -0.5, 0.0, -0.309017, 0.5, -0.809017, 0.0, 0.5, 0.809017, 0.309017, 0.0, 0.0, 0.0, 0.0, 1.0 ], [ 0.5, 0.809017, -0.309017, 0.0, 0.809017, -0.309017, 0.5, 0.0, 0.309017, -0.5, -0.809017, 0.0, 0.0, 0.0, 0.0, 1.0 ], [ 0.309017, -0.5, -0.809017, 0.0, 0.5, 0.809017, -0.309017, 0.0, 0.809017, -0.309017, 0.5, 0.0, 0.0, 0.0, 0.0, 1.0 ], [ 0.809017, -0.309017, 0.5, 0.0, 0.309017, -0.5, -0.809017, 0.0, 0.5, 0.809017, -0.309017, 0.0, 0.0, 0.0, 0.0, 1.0 ], [ 0.809017, 0.309017, -0.5, 0.0, 0.309017, 0.5, 0.809017, 0.0, 0.5, -0.809017, 0.309017, 0.0, 0.0, 0.0, 0.0, 1.0 ], [ 0.5, -0.809017, 0.309017, 0.0, 0.809017, 0.309017, -0.5, 0.0, 0.309017, 0.5, 0.809017, 0.0, 0.0, 0.0, 0.0, 1.0 ], [ 0.309017, 0.5, 0.809017, 0.0, 0.5, -0.809017, 0.309017, 0.0, 0.809017, 0.309017, -0.5, 0.0, 0.0, 0.0, 0.0, 1.0 ], [ 1.0, 0.0, 0.0, 0.0, 0.0, -1.0, 0.0, 0.0, 0.0, 0.0, -1.0, 0.0, 0.0, 0.0, 0.0, 1.0 ], [ 0.0, 0.0, 1.0, 0.0, -1.0, 0.0, 0.0, 0.0, 0.0, -1.0, 0.0, 0.0, 0.0, 0.0, 0.0, 1.0 ], [ 0.0, 1.0, 0.0, 0.0, 0.0, 0.0, -1.0, 0.0, -1.0, 0.0, 0.0, 0.0, 0.0, 0.0, 0.0, 1.0 ], [ 0.809017, 0.309017, 0.5, 0.0, -0.309017, -0.5, 0.809017, 0.0, 0.5, -0.809017, -0.309017, 0.0, 0.0, 0.0, 0.0, 1.0 ], [ -0.5, 0.809017, 0.309017, 0.0, -0.809017, -0.309017, -0.5, 0.0, -0.309017, -0.5, 0.809017, 0.0, 0.0, 0.0, 0.0, 1.0 ], [ 0.309017, 0.5, -0.809017, 0.0, 0.5, -0.809017, -0.309017, 0.0, -0.809017, -0.309017, -0.5, 0.0, 0.0, 0.0, 0.0, 1.0 ], [ 0.5, 0.809017, 0.309017, 0.0, -0.809017, 0.309017, 0.5, 0.0, 0.309017, -0.5, 0.809017, 0.0, 0.0, 0.0, 0.0, 1.0 ], [ -0.309017, 0.5, -0.809017, 0.0, -0.5, -0.809017, -0.309017, 0.0, -0.809017, 0.309017, 0.5, 0.0, 0.0, 0.0, 0.0, 1.0 ], [ 0.809017, -0.309017, -0.5, 0.0, 0.309017, -0.5, 0.809017, 0.0, -0.5, -0.809017, -0.309017, 0.0, 0.0, 0.0, 0.0, 1.0 ], [ 0.5, 0.809017, -0.309017, 0.0, -0.809017, 0.309017, -0.5, 0.0, -0.309017, 0.5, 0.809017, 0.0, 0.0, 0.0, 0.0, 1.0 ], [ 0.309017, -0.5, -0.809017, 0.0, -0.5, -0.809017, 0.309017, 0.0, -0.809017, 0.309017, -0.5, 0.0, 0.0, 0.0, 0.0, 1.0 ], [ 0.809017, -0.309017, 0.5, 0.0, -0.309017, 0.5, 0.809017, 0.0, -0.5, -0.809017, 0.309017, 0.0, 0.0, 0.0, 0.0, 1.0 ], [ 0.809017, 0.309017, -0.5, 0.0, -0.309017, -0.5, -0.809017, 0.0, -0.5, 0.809017, -0.309017, 0.0, 0.0, 0.0, 0.0, 1.0 ], [ 0.5, -0.809017, 0.309017, 0.0, -0.809017, -0.309017, 0.5, 0.0, -0.309017, -0.5, -0.809017, 0.0, 0.0, 0.0, 0.0, 1.0 ], [ 0.309017, 0.5, 0.809017, 0.0, -0.5, 0.809017, -0.309017, 0.0, -0.809017, -0.309017, 0.5, 0.0, 0.0, 0.0, 0.0, 1.0 ], [ -1.0, 0.0, 0.0, 0.0, 0.0, -1.0, 0.0, 0.0, 0.0, 0.0, 1.0, 0.0, 0.0, 0.0, 0.0, 1.0 ], [ 0.0, 0.0, -1.0, 0.0, -1.0, 0.0, 0.0, 0.0, 0.0, 1.0, 0.0, 0.0, 0.0, 0.0, 0.0, 1.0 ], [ 0.0, -1.0, 0.0, 0.0, 0.0, 0.0, -1.0, 0.0, 1.0, 0.0, 0.0, 0.0, 0.0, 0.0, 0.0, 1.0 ], [ -0.809017, -0.309017, -0.5, 0.0, -0.309017, -0.5, 0.809017, 0.0, -0.5, 0.809017, 0.309017, 0.0, 0.0, 0.0, 0.0, 1.0 ], [ 0.5, -0.809017, -0.309017, 0.0, -0.809017, -0.309017, -0.5, 0.0, 0.309017, 0.5, -0.809017, 0.0, 0.0, 0.0, 0.0, 1.0 ], [ -0.309017, -0.5, 0.809017, 0.0, 0.5, -0.809017, -0.309017, 0.0, 0.809017, 0.309017, 0.5, 0.0, 0.0, 0.0, 0.0, 1.0 ], [ -0.5, -0.809017, -0.309017, 0.0, -0.809017, 0.309017, 0.5, 0.0, -0.309017, 0.5, -0.809017, 0.0, 0.0, 0.0, 0.0, 1.0 ], [ 0.309017, -0.5, 0.809017, 0.0, -0.5, -0.809017, -0.309017, 0.0, 0.809017, -0.309017, -0.5, 0.0, 0.0, 0.0, 0.0, 1.0 ], [ -0.809017, 0.309017, 0.5, 0.0, 0.309017, -0.5, 0.809017, 0.0, 0.5, 0.809017, 0.309017, 0.0, 0.0, 0.0, 0.0, 1.0 ], [ -0.5, -0.809017, 0.309017, 0.0, -0.809017, 0.309017, -0.5, 0.0, 0.309017, -0.5, -0.809017, 0.0, 0.0, 0.0, 0.0, 1.0 ], [ -0.309017, 0.5, 0.809017, 0.0, -0.5, -0.809017, 0.309017, 0.0, 0.809017, -0.309017, 0.5, 0.0, 0.0, 0.0, 0.0, 1.0 ], [ -0.809017, 0.309017, -0.5, 0.0, -0.309017, 0.5, 0.809017, 0.0, 0.5, 0.809017, -0.309017, 0.0, 0.0, 0.0, 0.0, 1.0 ], [ -0.809017, -0.309017, 0.5, 0.0, -0.309017, -0.5, -0.809017, 0.0, 0.5, -0.809017, 0.309017, 0.0, 0.0, 0.0, 0.0, 1.0 ], [ -0.5, 0.809017, -0.309017, 0.0, -0.809017, -0.309017, 0.5, 0.0, 0.309017, 0.5, 0.809017, 0.0, 0.0, 0.0, 0.0, 1.0 ], [ -0.309017, -0.5, -0.809017, 0.0, -0.5, 0.809017, -0.309017, 0.0, 0.809017, 0.309017, -0.5, 0.0, 0.0, 0.0, 0.0, 1.0 ], [ -1.0, 0.0, 0.0, 0.0, 0.0, 1.0, 0.0, 0.0, 0.0, 0.0, -1.0, 0.0, 0.0, 0.0, 0.0, 1.0 ], [ 0.0, 0.0, -1.0, 0.0, 1.0, 0.0, 0.0, 0.0, 0.0, -1.0, 0.0, 0.0, 0.0, 0.0, 0.0, 1.0 ], [ 0.0, -1.0, 0.0, 0.0, 0.0, 0.0, 1.0, 0.0, -1.0, 0.0, 0.0, 0.0, 0.0, 0.0, 0.0, 1.0 ], [ -0.809017, -0.309017, -0.5, 0.0, 0.309017, 0.5, -0.809017, 0.0, 0.5, -0.809017, -0.309017, 0.0, 0.0, 0.0, 0.0, 1.0 ], [ 0.5, -0.809017, -0.309017, 0.0, 0.809017, 0.309017, 0.5, 0.0, -0.309017, -0.5, 0.809017, 0.0, 0.0, 0.0, 0.0, 1.0 ], [ -0.309017, -0.5, 0.809017, 0.0, -0.5, 0.809017, 0.309017, 0.0, -0.809017, -0.309017, -0.5, 0.0, 0.0, 0.0, 0.0, 1.0 ], [ -0.5, -0.809017, -0.309017, 0.0, 0.809017, -0.309017, -0.5, 0.0, 0.309017, -0.5, 0.809017, 0.0, 0.0, 0.0, 0.0, 1.0 ], [ 0.309017, -0.5, 0.809017, 0.0, 0.5, 0.809017, 0.309017, 0.0, -0.809017, 0.309017, 0.5, 0.0, 0.0, 0.0, 0.0, 1.0 ], [ -0.809017, 0.309017, 0.5, 0.0, -0.309017, 0.5, -0.809017, 0.0, -0.5, -0.809017, -0.309017, 0.0, 0.0, 0.0, 0.0, 1.0 ], [ -0.5, -0.809017, 0.309017, 0.0, 0.809017, -0.309017, 0.5, 0.0, -0.309017, 0.5, 0.809017, 0.0, 0.0, 0.0, 0.0, 1.0 ], [ -0.309017, 0.5, 0.809017, 0.0, 0.5, 0.809017, -0.309017, 0.0, -0.809017, 0.309017, -0.5, 0.0, 0.0, 0.0, 0.0, 1.0 ], [ -0.809017, 0.309017, -0.5, 0.0, 0.309017, -0.5, -0.809017, 0.0, -0.5, -0.809017, 0.309017, 0.0, 0.0, 0.0, 0.0, 1.0 ], [ -0.809017, -0.309017, 0.5, 0.0, 0.309017, 0.5, 0.809017, 0.0, -0.5, 0.809017, -0.309017, 0.0, 0.0, 0.0, 0.0, 1.0 ], [ -0.5, 0.809017, -0.309017, 0.0, 0.809017, 0.309017, -0.5, 0.0, -0.309017, -0.5, -0.809017, 0.0, 0.0, 0.0, 0.0, 1.0 ], [ -0.309017, -0.5, -0.809017, 0.0, 0.5, -0.809017, 0.309017, 0.0, -0.809017, -0.309017, 0.5, 0.0, 0.0, 0.0, 0.0, 1.0 ] ],
  "lights" : {
    "ambientColor" : "#292929",
    "backgroundColor" : "#AFC8DC",
    "directionalLights" : [ {
      "direction" : {
        "x" : 1.0,
        "y" : -1.0,
        "z" : -1.0
      },
      "color" : "#EBEBE4"
    }, {
      "direction" : {
        "x" : -1.0,
        "y" : 0.0,
        "z" : 0.0
      },
      "color" : "#E4E4EB"
    }, {
      "direction" : {
        "x" : 0.0,
        "y" : 0.0,
        "z" : -1.0
      },
      "color" : "#1E1E1E"
    } ]
  },
  "camera" : {
    "stereo" : false,
    "width" : 202.42557,
    "lookDirection" : {
      "x" : -0.5192604,
      "y" : -0.006592667,
      "z" : -0.85459137
    },
    "upDirection" : {
      "x" : -0.8518341,
      "y" : 0.08458396,
      "z" : 0.51693285
    },
    "lookAtPoint" : {
      "x" : 0.0,
      "y" : 0.0,
      "z" : 0.0
    },
    "perspective" : true,
    "viewDistance" : 449.8344,
    "nearClipDistance" : 1.124587,
    "farClipDistance" : 899.66785,
    "fieldOfView" : 0.44262907,
    "position" : {
      "x" : 233.58119,
      "y" : 2.9656086,
      "z" : 384.4246
    }
  },
  "embedding" : [ 1.0, 0.0, 0.0, 0.0, 0.0, 1.0, 0.0, 0.0, 0.0, 0.0, 1.0, 0.0, 0.0, 0.0, 0.0, 1.0 ],
  "shapes" : [ {
    "id" : "2ca7aec0-078f-46b1-8ed0-cb9ca222fb76",
    "vertices" : [ {
      "x" : 5.1405764,
      "y" : 1.7725425,
      "z" : -0.868034
    }, {
      "x" : 6.163119,
      "y" : 1.809017,
      "z" : -1.0
    }, {
      "x" : 5.1405764,
      "y" : 1.7725425,
      "z" : -0.48606798
    }, {
      "x" : 4.9495935,
      "y" : 2.0815594,
      "z" : -0.98606795
    }, {
      "x" : 4.9495935,
      "y" : 2.0815594,
      "z" : -0.60410196
    }, {
      "x" : 0.809017,
      "y" : 0.618034,
      "z" : 0.309017
    }, {
      "x" : 1.0,
      "y" : 0.309017,
      "z" : 0.19098301
    }, {
      "x" : 1.9045085,
      "y" : 0.5364745,
      "z" : -0.013932022
    }, {
      "x" : 5.854102,
      "y" : 2.309017,
      "z" : -1.190983
    }, {
      "x" : 6.045085,
      "y" : 2.0,
      "z" : -1.309017
    }, {
      "x" : 6.045085,
      "y" : 2.0,
      "z" : -0.690983
    }, {
      "x" : 5.854102,
      "y" : 2.309017,
      "z" : -0.809017
    }, {
      "x" : 1.7135255,
      "y" : 0.8454915,
      "z" : -0.13196601
    }, {
      "x" : 0.690983,
      "y" : 0.809017,
      "z" : 0.0
    }, {
      "x" : 1.9045085,
      "y" : 0.5364745,
      "z" : -0.39589804
    }, {
      "x" : 1.7135255,
      "y" : 0.8454915,
      "z" : -0.51393205
    }, {
      "x" : 0.809017,
      "y" : 0.618034,
      "z" : -0.309017
    }, {
      "x" : 1.0,
      "y" : 0.309017,
      "z" : -0.19098301
    }, {
      "x" : 6.854102,
      "y" : 2.618034,
      "z" : -1.0
    } ],
    "faces" : [ {
      "vertices" : [ 0, 14, 15 ]
    }, {
      "vertices" : [ 0, 15, 3 ]
    }, {
      "vertices" : [ 3, 15, 12 ]
    }, {
      "vertices" : [ 3, 12, 4 ]
    }, {
      "vertices" : [ 0, 1, 2 ]
    }, {
      "vertices" : [ 12, 15, 13 ]
    }, {
      "vertices" : [ 0, 9, 1 ]
    }, {
      "vertices" : [ 0, 3, 9 ]
    }, {
      "vertices" : [ 13, 15, 16 ]
    }, {
      "vertices" : [ 6, 17, 14 ]
    }, {
      "vertices" : [ 6, 14, 7 ]
    }, {
      "vertices" : [ 1, 10, 2 ]
    }, {
      "vertices" : [ 5, 6, 7 ]
    }, {
      "vertices" : [ 3, 8, 9 ]
    }, {
      "vertices" : [ 0, 2, 7 ]
    }, {
      "vertices" : [ 0, 7, 14 ]
    }, {
      "vertices" : [ 5, 7, 12 ]
    }, {
      "vertices" : [ 2, 4, 12 ]
    }, {
      "vertices" : [ 2, 12, 7 ]
    }, {
      "vertices" : [ 3, 4, 11 ]
    }, {
      "vertices" : [ 3, 11, 8 ]
    }, {
      "vertices" : [ 2, 10, 11 ]
    }, {
      "vertices" : [ 2, 11, 4 ]
    }, {
      "vertices" : [ 5, 12, 13 ]
    }, {
      "vertices" : [ 14, 17, 16 ]
    }, {
      "vertices" : [ 14, 16, 15 ]
    } ]
  }, {
    "id" : "c1cc4725-4a7c-4c36-8c67-cedd73502078",
    "vertices" : [ {
      "x" : 4.927051,
      "y" : 4.427051,
      "z" : 7.854102
    }, {
      "x" : 4.927051,
      "y" : 5.045085,
      "z" : 7.472136
    }, {
      "x" : 3.927051,
      "y" : 4.427051,
      "z" : 6.854102
    }, {
      "x" : 4.236068,
      "y" : 4.545085,
      "z" : 6.663119
    }, {
      "x" : 1.0,
      "y" : 1.309017,
      "z" : 1.427051
    }, {
      "x" : 0.690983,
      "y" : 1.190983,
      "z" : 1.618034
    }, {
      "x" : 4.618034,
      "y" : 4.927051,
      "z" : 7.663119
    }, {
      "x" : 0.309017,
      "y" : 0.809017,
      "z" : 0.618034
    }, {
      "x" : 0.0,
      "y" : 0.690983,
      "z" : 0.809017
    }, {
      "x" : 1.309017,
      "y" : 0.809017,
      "z" : 1.618034
    }, {
      "x" : 0.618034,
      "y" : 0.309017,
      "z" : 0.809017
    }, {
      "x" : 5.236068,
      "y" : 4.545085,
      "z" : 7.663119
    }, {
      "x" : 4.236068,
      "y" : 3.927051,
      "z" : 7.045085
    }, {
      "x" : 4.545085,
      "y" : 4.045085,
      "z" : 6.854102
    }, {
      "x" : 1.0,
      "y" : 0.690983,
      "z" : 1.809017
    }, {
      "x" : 0.309017,
      "y" : 0.19098301,
      "z" : 1.0
    }, {
      "x" : 5.236068,
      "y" : 5.236068,
      "z" : 8.472136
    } ],
    "faces" : [ {
      "vertices" : [ 9, 13, 12 ]
    }, {
      "vertices" : [ 9, 12, 14 ]
    }, {
      "vertices" : [ 9, 14, 15 ]
    }, {
      "vertices" : [ 9, 15, 10 ]
    }, {
      "vertices" : [ 2, 5, 14 ]
    }, {
      "vertices" : [ 2, 14, 12 ]
    }, {
      "vertices" : [ 0, 12, 13 ]
    }, {
      "vertices" : [ 0, 13, 11 ]
    }, {
      "vertices" : [ 0, 6, 2 ]
    }, {
      "vertices" : [ 0, 2, 12 ]
    }, {
      "vertices" : [ 4, 7, 8 ]
    }, {
      "vertices" : [ 4, 8, 5 ]
    }, {
      "vertices" : [ 5, 8, 15 ]
    }, {
      "vertices" : [ 5, 15, 14 ]
    }, {
      "vertices" : [ 1, 3, 2 ]
    }, {
      "vertices" : [ 1, 2, 6 ]
    }, {
      "vertices" : [ 1, 11, 13 ]
    }, {
      "vertices" : [ 1, 13, 3 ]
    }, {
      "vertices" : [ 3, 13, 9 ]
    }, {
      "vertices" : [ 3, 9, 4 ]
    }, {
      "vertices" : [ 2, 3, 4 ]
    }, {
      "vertices" : [ 2, 4, 5 ]
    }, {
      "vertices" : [ 4, 9, 10 ]
    }, {
      "vertices" : [ 4, 10, 7 ]
    } ]
  }, {
    "id" : "dbb7a703-c5f7-49da-8d1a-bc9a6a9f711d",
    "vertices" : [ {
      "x" : 52.214783,
      "y" : 34.888542,
      "z" : -15.326238
    }, {
      "x" : 50.59675,
      "y" : 40.742645,
      "z" : -11.09017
    }, {
      "x" : 56.45085,
      "y" : 36.506577,
      "z" : -9.472136
    } ],
    "faces" : [ {
      "vertices" : [ 0, 1, 2 ]
    }, {
      "vertices" : [ 0, 2, 1 ]
    } ]
  }, {
    "id" : "93b4d925-bfb7-4500-bd86-cfd7f2982d30",
    "vertices" : [ {
      "x" : 4.236068,
      "y" : -34.27051,
      "z" : 44.978714
    }, {
      "x" : 8.472136,
      "y" : -27.416409,
      "z" : 39.12461
    }, {
      "x" : -1.618034,
      "y" : -30.034441,
      "z" : 43.36068
    } ],
    "faces" : [ {
      "vertices" : [ 0, 1, 2 ]
    }, {
      "vertices" : [ 0, 2, 1 ]
    } ]
  }, {
    "id" : "290f1282-c7a0-4355-b7d9-fb86f528fefd",
    "vertices" : [ {
      "x" : 1.0,
      "y" : -0.309017,
      "z" : -0.19098301
    }, {
      "x" : 0.809017,
      "y" : 0.0,
      "z" : -0.690983
    }, {
      "x" : 1.0,
      "y" : 0.309017,
      "z" : -0.19098301
    }, {
      "x" : 1.809017,
      "y" : 0.0,
      "z" : -0.309017
    }, {
      "x" : 1.618034,
      "y" : 0.309017,
      "z" : -0.809017
    }, {
      "x" : 2.0,
      "y" : 0.309017,
      "z" : -0.19098301
    }, {
      "x" : 1.809017,
      "y" : 0.618034,
      "z" : -0.690983
    }, {
      "x" : 7.663119,
      "y" : 1.0,
      "z" : -1.927051
    }, {
      "x" : 7.472136,
      "y" : 1.309017,
      "z" : -2.427051
    }, {
      "x" : 7.854102,
      "y" : 1.309017,
      "z" : -1.809017
    }, {
      "x" : 7.663119,
      "y" : 1.618034,
      "z" : -2.309017
    }, {
      "x" : 8.472136,
      "y" : 1.309017,
      "z" : -2.427051
    }, {
      "x" : 8.663119,
      "y" : 1.618034,
      "z" : -1.927051
    }, {
      "x" : 8.472136,
      "y" : 1.927051,
      "z" : -2.427051
    }, {
      "x" : 9.472136,
      "y" : 1.618034,
      "z" : -2.618034
    } ],
    "faces" : [ {
      "vertices" : [ 8, 13, 11 ]
    }, {
      "vertices" : [ 2, 5, 9 ]
    }, {
      "vertices" : [ 2, 9, 10 ]
    }, {
      "vertices" : [ 2, 10, 6 ]
    }, {
      "vertices" : [ 3, 4, 8 ]
    }, {
      "vertices" : [ 3, 8, 11 ]
    }, {
      "vertices" : [ 3, 11, 7 ]
    }, {
      "vertices" : [ 0, 2, 1 ]
    }, {
      "vertices" : [ 11, 13, 12 ]
    }, {
      "vertices" : [ 0, 5, 2 ]
    }, {
      "vertices" : [ 0, 3, 5 ]
    }, {
      "vertices" : [ 0, 1, 4 ]
    }, {
      "vertices" : [ 0, 4, 3 ]
    }, {
      "vertices" : [ 1, 2, 6 ]
    }, {
      "vertices" : [ 1, 6, 4 ]
    }, {
      "vertices" : [ 9, 12, 13 ]
    }, {
      "vertices" : [ 9, 13, 10 ]
    }, {
      "vertices" : [ 3, 7, 9 ]
    }, {
      "vertices" : [ 3, 9, 5 ]
    }, {
      "vertices" : [ 7, 12, 9 ]
    }, {
      "vertices" : [ 4, 6, 10 ]
    }, {
      "vertices" : [ 4, 10, 8 ]
    }, {
      "vertices" : [ 7, 11, 12 ]
    }, {
      "vertices" : [ 8, 10, 13 ]
    } ]
  }, {
    "id" : "5d11e1b1-02dd-43fd-8300-3c61d520cb1c",
    "vertices" : [ {
      "x" : 0.309017,
      "y" : -0.809017,
      "z" : 0.618034
    }, {
      "x" : 0.809017,
      "y" : -0.618034,
      "z" : 0.309017
    }, {
      "x" : 0.618034,
      "y" : -0.309017,
      "z" : 0.809017
    }, {
      "x" : 1.0,
      "y" : 0.309017,
      "z" : 0.19098301
    }, {
      "x" : 0.809017,
      "y" : 0.618034,
      "z" : 0.309017
    }, {
      "x" : 0.618034,
      "y" : 0.309017,
      "z" : 0.809017
    }, {
      "x" : 0.809017,
      "y" : 0.0,
      "z" : 0.690983
    }, {
      "x" : 0.19098301,
      "y" : -1.0,
      "z" : 0.309017
    }, {
      "x" : -0.19098301,
      "y" : -1.0,
      "z" : 0.309017
    }, {
      "x" : -0.19098301,
      "y" : -1.0,
      "z" : -0.309017
    }, {
      "x" : 0.19098301,
      "y" : -1.0,
      "z" : -0.309017
    }, {
      "x" : 1.0,
      "y" : -0.309017,
      "z" : -0.19098301
    }, {
      "x" : 0.809017,
      "y" : -0.618034,
      "z" : -0.309017
    }, {
      "x" : 0.618034,
      "y" : -0.309017,
      "z" : -0.809017
    }, {
      "x" : 0.809017,
      "y" : 0.0,
      "z" : -0.690983
    }, {
      "x" : 0.0,
      "y" : 0.690983,
      "z" : -0.809017
    }, {
      "x" : 0.309017,
      "y" : 0.809017,
      "z" : -0.618034
    }, {
      "x" : 0.618034,
      "y" : 0.309017,
      "z" : -0.809017
    }, {
      "x" : 0.309017,
      "y" : 0.19098301,
      "z" : -1.0
    }, {
      "x" : 1.0,
      "y" : 0.309017,
      "z" : -0.19098301
    }, {
      "x" : -0.309017,
      "y" : -0.809017,
      "z" : 0.618034
    }, {
      "x" : 0.0,
      "y" : -0.690983,
      "z" : 0.809017
    }, {
      "x" : 0.809017,
      "y" : 0.618034,
      "z" : -0.309017
    }, {
      "x" : 0.690983,
      "y" : 0.809017,
      "z" : 0.0
    }, {
      "x" : -0.690983,
      "y" : 0.809017,
      "z" : 0.0
    }, {
      "x" : -0.809017,
      "y" : 0.618034,
      "z" : 0.309017
    }, {
      "x" : -0.309017,
      "y" : 0.809017,
      "z" : 0.618034
    }, {
      "x" : -0.19098301,
      "y" : 1.0,
      "z" : 0.309017
    }, {
      "x" : 0.309017,
      "y" : -0.19098301,
      "z" : -1.0
    }, {
      "x" : 0.19098301,
      "y" : 1.0,
      "z" : 0.309017
    }, {
      "x" : 0.309017,
      "y" : 0.809017,
      "z" : 0.618034
    }, {
      "x" : -0.809017,
      "y" : -0.618034,
      "z" : 0.309017
    }, {
      "x" : -0.690983,
      "y" : -0.809017,
      "z" : 0.0
    }, {
      "x" : 0.0,
      "y" : 0.690983,
      "z" : 0.809017
    }, {
      "x" : 0.309017,
      "y" : -0.809017,
      "z" : -0.618034
    }, {
      "x" : 0.0,
      "y" : -0.690983,
      "z" : -0.809017
    }, {
      "x" : -1.0,
      "y" : 0.309017,
      "z" : 0.19098301
    }, {
      "x" : -0.809017,
      "y" : 0.0,
      "z" : 0.690983
    }, {
      "x" : -0.618034,
      "y" : 0.309017,
      "z" : 0.809017
    }, {
      "x" : 1.0,
      "y" : -0.309017,
      "z" : 0.19098301
    }, {
      "x" : -0.309017,
      "y" : -0.809017,
      "z" : -0.618034
    }, {
      "x" : -1.0,
      "y" : 0.309017,
      "z" : -0.19098301
    }, {
      "x" : -1.0,
      "y" : -0.309017,
      "z" : -0.19098301
    }, {
      "x" : -1.0,
      "y" : -0.309017,
      "z" : 0.19098301
    }, {
      "x" : 0.19098301,
      "y" : 1.0,
      "z" : -0.309017
    }, {
      "x" : -0.809017,
      "y" : 0.618034,
      "z" : -0.309017
    }, {
      "x" : -0.19098301,
      "y" : 1.0,
      "z" : -0.309017
    }, {
      "x" : -0.309017,
      "y" : 0.809017,
      "z" : -0.618034
    }, {
      "x" : -0.618034,
      "y" : -0.309017,
      "z" : 0.809017
    }, {
      "x" : 0.309017,
      "y" : 0.19098301,
      "z" : 1.0
    }, {
      "x" : -0.309017,
      "y" : 0.19098301,
      "z" : -1.0
    }, {
      "x" : -0.309017,
      "y" : 0.19098301,
      "z" : 1.0
    }, {
      "x" : -0.309017,
      "y" : -0.19098301,
      "z" : 1.0
    }, {
      "x" : 0.309017,
      "y" : -0.19098301,
      "z" : 1.0
    }, {
      "x" : 0.690983,
      "y" : -0.809017,
      "z" : 0.0
    }, {
      "x" : -0.809017,
      "y" : 0.0,
      "z" : -0.690983
    }, {
      "x" : -0.618034,
      "y" : -0.309017,
      "z" : -0.809017
    }, {
      "x" : -0.309017,
      "y" : -0.19098301,
      "z" : -1.0
    }, {
      "x" : -0.618034,
      "y" : 0.309017,
      "z" : -0.809017
    }, {
      "x" : -0.809017,
      "y" : -0.618034,
      "z" : -0.309017
    } ],
    "faces" : [ {
      "vertices" : [ 9, 40, 35 ]
    }, {
      "vertices" : [ 9, 35, 34 ]
    }, {
      "vertices" : [ 9, 34, 10 ]
    }, {
      "vertices" : [ 0, 1, 2 ]
    }, {
      "vertices" : [ 33, 51, 49 ]
    }, {
      "vertices" : [ 25, 36, 37 ]
    }, {
      "vertices" : [ 25, 37, 38 ]
    }, {
      "vertices" : [ 41, 55, 42 ]
    }, {
      "vertices" : [ 9, 32, 59 ]
    }, {
      "vertices" : [ 9, 59, 40 ]
    }, {
      "vertices" : [ 20, 21, 52 ]
    }, {
      "vertices" : [ 20, 52, 48 ]
    }, {
      "vertices" : [ 26, 33, 30 ]
    }, {
      "vertices" : [ 26, 30, 29 ]
    }, {
      "vertices" : [ 26, 29, 27 ]
    }, {
      "vertices" : [ 3, 4, 5 ]
    }, {
      "vertices" : [ 3, 5, 6 ]
    }, {
      "vertices" : [ 27, 29, 44 ]
    }, {
      "vertices" : [ 27, 44, 46 ]
    }, {
      "vertices" : [ 50, 57, 56 ]
    }, {
      "vertices" : [ 50, 56, 55 ]
    }, {
      "vertices" : [ 50, 55, 58 ]
    }, {
      "vertices" : [ 26, 38, 51 ]
    }, {
      "vertices" : [ 26, 51, 33 ]
    }, {
      "vertices" : [ 45, 47, 58 ]
    }, {
      "vertices" : [ 18, 28, 57 ]
    }, {
      "vertices" : [ 18, 57, 50 ]
    }, {
      "vertices" : [ 40, 59, 56 ]
    }, {
      "vertices" : [ 31, 48, 37 ]
    }, {
      "vertices" : [ 31, 37, 43 ]
    }, {
      "vertices" : [ 7, 8, 9 ]
    }, {
      "vertices" : [ 7, 9, 10 ]
    }, {
      "vertices" : [ 36, 41, 42 ]
    }, {
      "vertices" : [ 36, 42, 43 ]
    }, {
      "vertices" : [ 24, 46, 47 ]
    }, {
      "vertices" : [ 24, 47, 45 ]
    }, {
      "vertices" : [ 4, 30, 5 ]
    }, {
      "vertices" : [ 15, 47, 46 ]
    }, {
      "vertices" : [ 15, 46, 44 ]
    }, {
      "vertices" : [ 15, 44, 16 ]
    }, {
      "vertices" : [ 15, 50, 58 ]
    }, {
      "vertices" : [ 15, 58, 47 ]
    }, {
      "vertices" : [ 24, 45, 41 ]
    }, {
      "vertices" : [ 24, 41, 36 ]
    }, {
      "vertices" : [ 24, 36, 25 ]
    }, {
      "vertices" : [ 11, 14, 19 ]
    }, {
      "vertices" : [ 3, 6, 39 ]
    }, {
      "vertices" : [ 1, 39, 6 ]
    }, {
      "vertices" : [ 1, 6, 2 ]
    }, {
      "vertices" : [ 8, 32, 9 ]
    }, {
      "vertices" : [ 11, 12, 13 ]
    }, {
      "vertices" : [ 11, 13, 14 ]
    }, {
      "vertices" : [ 16, 22, 17 ]
    }, {
      "vertices" : [ 0, 21, 20 ]
    }, {
      "vertices" : [ 0, 20, 8 ]
    }, {
      "vertices" : [ 0, 8, 7 ]
    }, {
      "vertices" : [ 12, 34, 13 ]
    }, {
      "vertices" : [ 35, 40, 56 ]
    }, {
      "vertices" : [ 35, 56, 57 ]
    }, {
      "vertices" : [ 0, 7, 54 ]
    }, {
      "vertices" : [ 0, 54, 1 ]
    }, {
      "vertices" : [ 15, 16, 17 ]
    }, {
      "vertices" : [ 15, 17, 18 ]
    }, {
      "vertices" : [ 3, 19, 22 ]
    }, {
      "vertices" : [ 3, 22, 23 ]
    }, {
      "vertices" : [ 3, 23, 4 ]
    }, {
      "vertices" : [ 7, 10, 54 ]
    }, {
      "vertices" : [ 41, 45, 58 ]
    }, {
      "vertices" : [ 41, 58, 55 ]
    }, {
      "vertices" : [ 3, 39, 11 ]
    }, {
      "vertices" : [ 3, 11, 19 ]
    }, {
      "vertices" : [ 14, 17, 22 ]
    }, {
      "vertices" : [ 14, 22, 19 ]
    }, {
      "vertices" : [ 0, 2, 53 ]
    }, {
      "vertices" : [ 0, 53, 21 ]
    }, {
      "vertices" : [ 49, 51, 52 ]
    }, {
      "vertices" : [ 49, 52, 53 ]
    }, {
      "vertices" : [ 31, 43, 42 ]
    }, {
      "vertices" : [ 31, 42, 59 ]
    }, {
      "vertices" : [ 31, 59, 32 ]
    }, {
      "vertices" : [ 15, 18, 50 ]
    }, {
      "vertices" : [ 42, 55, 56 ]
    }, {
      "vertices" : [ 42, 56, 59 ]
    }, {
      "vertices" : [ 4, 23, 29 ]
    }, {
      "vertices" : [ 4, 29, 30 ]
    }, {
      "vertices" : [ 25, 38, 26 ]
    }, {
      "vertices" : [ 13, 28, 18 ]
    }, {
      "vertices" : [ 13, 18, 17 ]
    }, {
      "vertices" : [ 13, 17, 14 ]
    }, {
      "vertices" : [ 8, 20, 31 ]
    }, {
      "vertices" : [ 8, 31, 32 ]
    }, {
      "vertices" : [ 23, 44, 29 ]
    }, {
      "vertices" : [ 24, 27, 46 ]
    }, {
      "vertices" : [ 37, 48, 52 ]
    }, {
      "vertices" : [ 37, 52, 51 ]
    }, {
      "vertices" : [ 37, 51, 38 ]
    }, {
      "vertices" : [ 20, 48, 31 ]
    }, {
      "vertices" : [ 24, 25, 26 ]
    }, {
      "vertices" : [ 24, 26, 27 ]
    }, {
      "vertices" : [ 16, 44, 23 ]
    }, {
      "vertices" : [ 16, 23, 22 ]
    }, {
      "vertices" : [ 13, 34, 35 ]
    }, {
      "vertices" : [ 13, 35, 28 ]
    }, {
      "vertices" : [ 10, 34, 12 ]
    }, {
      "vertices" : [ 10, 12, 54 ]
    }, {
      "vertices" : [ 2, 6, 5 ]
    }, {
      "vertices" : [ 2, 5, 49 ]
    }, {
      "vertices" : [ 2, 49, 53 ]
    }, {
      "vertices" : [ 36, 43, 37 ]
    }, {
      "vertices" : [ 5, 30, 33 ]
    }, {
      "vertices" : [ 5, 33, 49 ]
    }, {
      "vertices" : [ 1, 54, 12 ]
    }, {
      "vertices" : [ 1, 12, 11 ]
    }, {
      "vertices" : [ 1, 11, 39 ]
    }, {
      "vertices" : [ 28, 35, 57 ]
    }, {
      "vertices" : [ 21, 53, 52 ]
    } ]
  }, {
    "id" : "862a1288-2b04-4782-a374-5482334cfc93",
    "vertices" : [ {
      "x" : -17.944271,
      "y" : 42.742645,
      "z" : -14.326238
    }, {
      "x" : -20.562305,
      "y" : 43.742645,
      "z" : -21.18034
    }, {
      "x" : -19.562305,
      "y" : 36.888542,
      "z" : -18.562305
    } ],
    "faces" : [ {
      "vertices" : [ 0, 1, 2 ]
    }, {
      "vertices" : [ 0, 2, 1 ]
    } ]
  }, {
    "id" : "f78b6bbe-1f49-47fb-a651-1cbf89e0af35",
    "vertices" : [ {
      "x" : -36.506577,
      "y" : -9.472136,
      "z" : -56.45085
    }, {
      "x" : -40.742645,
      "y" : -11.09017,
      "z" : -50.59675
    }, {
      "x" : -43.36068,
      "y" : -1.618034,
      "z" : -52.214783
    } ],
    "faces" : [ {
      "vertices" : [ 0, 1, 2 ]
    }, {
      "vertices" : [ 0, 2, 1 ]
    } ]
  }, {
    "id" : "1efd4ca7-ca1a-431c-bae9-bed87b909fdb",
    "vertices" : [ {
      "x" : 28.034441,
      "y" : -4.236068,
      "z" : -20.562305
    }, {
      "x" : 29.652475,
      "y" : 6.854102,
      "z" : -21.562305
    }, {
      "x" : 22.798374,
      "y" : 4.236068,
      "z" : -20.562305
    } ],
    "faces" : [ {
      "vertices" : [ 0, 1, 2 ]
    }, {
      "vertices" : [ 0, 2, 1 ]
    } ]
  }, {
    "id" : "e338753d-97c7-4608-8a7e-e427e6def309",
    "vertices" : [ {
      "x" : 4.236068,
      "y" : 34.27051,
      "z" : 5.854102
    }, {
      "x" : 13.708204,
      "y" : 32.652477,
      "z" : 11.708204
    }, {
      "x" : 8.472136,
      "y" : 27.416409,
      "z" : 11.708204
    } ],
    "faces" : [ {
      "vertices" : [ 0, 1, 2 ]
    }, {
      "vertices" : [ 0, 2, 1 ]
    } ]
  }, {
    "id" : "88295aa3-54ac-42fe-a202-4ebaade18d4a",
    "vertices" : [ {
      "x" : -30.034441,
      "y" : 34.888542,
      "z" : -15.326238
    }, {
      "x" : -31.652475,
      "y" : 40.742645,
      "z" : -11.09017
    }, {
      "x" : -25.798374,
      "y" : 36.506577,
      "z" : -9.472136
    } ],
    "faces" : [ {
      "vertices" : [ 0, 1, 2 ]
    }, {
      "vertices" : [ 0, 2, 1 ]
    } ]
  }, {
    "id" : "e35c5cf9-fc75-4595-8669-6fd30263e205",
    "vertices" : [ {
      "x" : 20.562305,
      "y" : -38.506577,
      "z" : 21.18034
    }, {
      "x" : 19.562305,
      "y" : -45.36068,
      "z" : 18.562305
    }, {
      "x" : 17.944271,
      "y" : -39.506577,
      "z" : 14.326238
    } ],
    "faces" : [ {
      "vertices" : [ 0, 1, 2 ]
    }, {
      "vertices" : [ 0, 2, 1 ]
    } ]
  }, {
    "id" : "9065be8a-75a4-41bd-9902-26167deae045",
    "vertices" : [ {
      "x" : 14.326238,
      "y" : 17.944271,
      "z" : -39.506577
    }, {
      "x" : 10.09017,
      "y" : 11.09017,
      "z" : -31.652475
    }, {
      "x" : 15.944272,
      "y" : 15.326238,
      "z" : -30.034441
    } ],
    "faces" : [ {
      "vertices" : [ 0, 1, 2 ]
    }, {
      "vertices" : [ 0, 2, 1 ]
    } ]
  }, {
    "id" : "d29eba57-f7bd-46d9-899c-1c98471fcfa8",
    "vertices" : [ {
      "x" : -8.472136,
      "y" : -54.832817,
      "z" : -11.708204
    }, {
      "x" : -4.236068,
      "y" : -47.978714,
      "z" : -5.854102
    }, {
      "x" : -13.708204,
      "y" : -49.59675,
      "z" : -11.708204
    } ],
    "faces" : [ {
      "vertices" : [ 0, 1, 2 ]
    }, {
      "vertices" : [ 0, 2, 1 ]
    } ]
  }, {
    "id" : "a4c6711e-1426-460e-9417-c026cbd7801a",
    "vertices" : [ {
      "x" : -33.888542,
      "y" : 13.708204,
      "z" : 27.416409
    }, {
      "x" : -39.12461,
      "y" : 13.708204,
      "z" : 32.652477
    }, {
      "x" : -32.27051,
      "y" : 19.562305,
      "z" : 36.888542
    } ],
    "faces" : [ {
      "vertices" : [ 0, 1, 2 ]
    }, {
      "vertices" : [ 0, 2, 1 ]
    } ]
  }, {
    "id" : "11d78b71-6d16-4cac-a7a4-84be95a3ee3a",
    "vertices" : [ {
      "x" : -54.832817,
      "y" : 39.12461,
      "z" : -8.472136
    }, {
      "x" : -54.832817,
      "y" : 33.888542,
      "z" : -13.708204
    }, {
      "x" : -60.686916,
      "y" : 29.652475,
      "z" : -6.854102
    } ],
    "faces" : [ {
      "vertices" : [ 0, 1, 2 ]
    }, {
      "vertices" : [ 0, 2, 1 ]
    } ]
  }, {
    "id" : "010c6f66-ff90-4188-b1cc-997dc5b228e2",
    "vertices" : [ {
      "x" : -52.214783,
      "y" : 34.888542,
      "z" : 15.326238
    }, {
      "x" : -50.59675,
      "y" : 40.742645,
      "z" : 11.09017
    }, {
      "x" : -56.45085,
      "y" : 36.506577,
      "z" : 9.472136
    } ],
    "faces" : [ {
      "vertices" : [ 0, 1, 2 ]
    }, {
      "vertices" : [ 0, 2, 1 ]
    } ]
  }, {
    "id" : "a786b827-1703-453b-9f94-e699d903d912",
    "vertices" : [ {
      "x" : -59.068882,
      "y" : -23.798374,
      "z" : 11.09017
    }, {
      "x" : -61.686916,
      "y" : -22.798374,
      "z" : 4.236068
    }, {
      "x" : -60.686916,
      "y" : -29.652475,
      "z" : 6.854102
    } ],
    "faces" : [ {
      "vertices" : [ 0, 1, 2 ]
    }, {
      "vertices" : [ 0, 2, 1 ]
    } ]
  }, {
    "id" : "2d7eef5f-7d20-40f7-b341-d70c33f7e4cd",
    "vertices" : [ {
      "x" : -59.068882,
      "y" : -23.798374,
      "z" : 11.09017
    }, {
      "x" : -56.45085,
      "y" : -14.326238,
      "z" : 9.472136
    }, {
      "x" : -61.686916,
      "y" : -22.798374,
      "z" : 4.236068
    } ],
    "faces" : [ {
      "vertices" : [ 0, 1, 2 ]
    }, {
      "vertices" : [ 0, 2, 1 ]
    } ]
  }, {
    "id" : "df606d42-63dc-4b3c-b70e-06eee5128838",
    "vertices" : [ {
      "x" : 8.472136,
      "y" : 27.416409,
      "z" : -39.12461
    }, {
      "x" : 4.236068,
      "y" : 34.27051,
      "z" : -44.978714
    }, {
      "x" : 13.708204,
      "y" : 32.652477,
      "z" : -39.12461
    } ],
    "faces" : [ {
      "vertices" : [ 0, 1, 2 ]
    }, {
      "vertices" : [ 0, 2, 1 ]
    } ]
  }, {
    "id" : "98310590-ddd2-4579-8f74-2497ab11e6a4",
    "vertices" : [ {
      "x" : -4.236068,
      "y" : -20.562305,
      "z" : -22.798374
    }, {
      "x" : -11.09017,
      "y" : -23.18034,
      "z" : -23.798374
    }, {
      "x" : -9.472136,
      "y" : -25.798374,
      "z" : -14.326238
    } ],
    "faces" : [ {
      "vertices" : [ 0, 1, 2 ]
    }, {
      "vertices" : [ 0, 2, 1 ]
    } ]
  }, {
    "id" : "ee92dc49-4177-44eb-bed7-e28bc93d5709",
    "vertices" : [ {
      "x" : 1.618034,
      "y" : 30.034441,
      "z" : -7.472136
    }, {
      "x" : 2.618034,
      "y" : 36.888542,
      "z" : -4.854102
    }, {
      "x" : -4.236068,
      "y" : 34.27051,
      "z" : -5.854102
    } ],
    "faces" : [ {
      "vertices" : [ 0, 1, 2 ]
    }, {
      "vertices" : [ 0, 2, 1 ]
    } ]
  }, {
    "id" : "8e86a308-64d7-481a-9eb9-103911dc131b",
    "vertices" : [ {
      "x" : 9.472136,
      "y" : -25.798374,
      "z" : 14.326238
    }, {
      "x" : 15.326238,
      "y" : -30.034441,
      "z" : 15.944272
    }, {
      "x" : 11.09017,
      "y" : -31.652475,
      "z" : 10.09017
    } ],
    "faces" : [ {
      "vertices" : [ 0, 1, 2 ]
    }, {
      "vertices" : [ 0, 2, 1 ]
    } ]
  }, {
    "id" : "2a479a28-293f-4bda-b9da-d4ad04651b91",
    "vertices" : [ {
      "x" : 15.944272,
      "y" : -15.326238,
      "z" : 30.034441
    }, {
      "x" : 10.09017,
      "y" : -11.09017,
      "z" : 31.652475
    }, {
      "x" : 14.326238,
      "y" : -9.472136,
      "z" : 25.798374
    } ],
    "faces" : [ {
      "vertices" : [ 0, 1, 2 ]
    }, {
      "vertices" : [ 0, 2, 1 ]
    } ]
  }, {
    "id" : "16727ed6-6e72-4f12-a673-c9bffee30b63",
    "vertices" : [ {
      "x" : 15.944272,
      "y" : 15.326238,
      "z" : 52.214783
    }, {
      "x" : 14.326238,
      "y" : 9.472136,
      "z" : 56.45085
    }, {
      "x" : 23.798374,
      "y" : 11.09017,
      "z" : 59.068882
    } ],
    "faces" : [ {
      "vertices" : [ 0, 1, 2 ]
    }, {
      "vertices" : [ 0, 2, 1 ]
    } ]
  }, {
    "id" : "5d9d861c-d603-4bf0-9a89-3be92b1a3a1d",
    "vertices" : [ {
      "x" : 17.944271,
      "y" : -39.506577,
      "z" : -36.506577
    }, {
      "x" : 15.326238,
      "y" : -30.034441,
      "z" : -34.888542
    }, {
      "x" : 20.562305,
      "y" : -38.506577,
      "z" : -29.652475
    } ],
    "faces" : [ {
      "vertices" : [ 0, 1, 2 ]
    }, {
      "vertices" : [ 0, 2, 1 ]
    } ]
  }, {
    "id" : "e52b39c0-42a4-4141-9af5-759ba6131e02",
    "vertices" : [ {
      "x" : 43.36068,
      "y" : 1.618034,
      "z" : 30.034441
    }, {
      "x" : 44.978714,
      "y" : -4.236068,
      "z" : 34.27051
    }, {
      "x" : 39.12461,
      "y" : -8.472136,
      "z" : 27.416409
    } ],
    "faces" : [ {
      "vertices" : [ 0, 1, 2 ]
    }, {
      "vertices" : [ 0, 2, 1 ]
    } ]
  }, {
    "id" : "70fad03c-36f4-445b-aa28-421318e81cf3",
    "vertices" : [ {
      "x" : -20.562305,
      "y" : -43.742645,
      "z" : -29.652475
    }, {
      "x" : -20.562305,
      "y" : -38.506577,
      "z" : -21.18034
    }, {
      "x" : -19.562305,
      "y" : -36.888542,
      "z" : -32.27051
    } ],
    "faces" : [ {
      "vertices" : [ 0, 1, 2 ]
    }, {
      "vertices" : [ 0, 2, 1 ]
    } ]
  }, {
    "id" : "187b6e45-1894-49f3-9479-63c2311401f4",
    "vertices" : [ {
      "x" : 5.854102,
      "y" : 4.236068,
      "z" : -47.978714
    }, {
      "x" : 4.854102,
      "y" : -2.618034,
      "z" : -45.36068
    }, {
      "x" : 4.854102,
      "y" : 2.618034,
      "z" : -36.888542
    } ],
    "faces" : [ {
      "vertices" : [ 0, 1, 2 ]
    }, {
      "vertices" : [ 0, 2, 1 ]
    } ]
  }, {
    "id" : "f23aaf05-8500-48e4-a6b3-4407da518d49",
    "vertices" : [ {
      "x" : -18.562305,
      "y" : -19.562305,
      "z" : 36.888542
    }, {
      "x" : -21.18034,
      "y" : -20.562305,
      "z" : 43.742645
    }, {
      "x" : -29.652475,
      "y" : -20.562305,
      "z" : 38.506577
    } ],
    "faces" : [ {
      "vertices" : [ 0, 1, 2 ]
    }, {
      "vertices" : [ 0, 2, 1 ]
    } ]
  }, {
    "id" : "ccd7c5d2-a597-42fe-98e5-1f8bb05ebfbc",
    "vertices" : [ {
      "x" : -15.944272,
      "y" : -15.326238,
      "z" : 52.214783
    }, {
      "x" : -14.326238,
      "y" : -9.472136,
      "z" : 56.45085
    }, {
      "x" : -23.798374,
      "y" : -11.09017,
      "z" : 59.068882
    } ],
    "faces" : [ {
      "vertices" : [ 0, 1, 2 ]
    }, {
      "vertices" : [ 0, 2, 1 ]
    } ]
  }, {
    "id" : "8938f355-e829-4db9-b3e1-41e6fa829b68",
    "vertices" : [ {
      "x" : 8.472136,
      "y" : -27.416409,
      "z" : 39.12461
    }, {
      "x" : 13.708204,
      "y" : -27.416409,
      "z" : 33.888542
    }, {
      "x" : 6.854102,
      "y" : -21.562305,
      "z" : 29.652475
    } ],
    "faces" : [ {
      "vertices" : [ 0, 1, 2 ]
    }, {
      "vertices" : [ 0, 2, 1 ]
    } ]
  }, {
    "id" : "ff67e819-18f5-44f9-a2f5-66a04425aeaa",
    "vertices" : [ {
      "x" : 45.36068,
      "y" : -45.978714,
      "z" : 2.618034
    }, {
      "x" : 47.978714,
      "y" : -44.978714,
      "z" : -4.236068
    }, {
      "x" : 52.214783,
      "y" : -43.36068,
      "z" : 1.618034
    } ],
    "faces" : [ {
      "vertices" : [ 0, 1, 2 ]
    }, {
      "vertices" : [ 0, 2, 1 ]
    } ]
  }, {
    "id" : "0aaa6c83-ffdd-4553-b57b-3ec913b9cfce",
    "vertices" : [ {
      "x" : 34.27051,
      "y" : 5.854102,
      "z" : 4.236068
    }, {
      "x" : 32.652477,
      "y" : 11.708204,
      "z" : 13.708204
    }, {
      "x" : 27.416409,
      "y" : 11.708204,
      "z" : 8.472136
    } ],
    "faces" : [ {
      "vertices" : [ 0, 1, 2 ]
    }, {
      "vertices" : [ 0, 2, 1 ]
    } ]
  }, {
    "id" : "46653f69-7d32-4728-872b-032a6f8dba25",
    "vertices" : [ {
      "x" : 49.59675,
      "y" : 39.12461,
      "z" : 13.708204
    }, {
      "x" : 45.36068,
      "y" : 32.27051,
      "z" : 19.562305
    }, {
      "x" : 54.832817,
      "y" : 33.888542,
      "z" : 13.708204
    } ],
    "faces" : [ {
      "vertices" : [ 0, 1, 2 ]
    }, {
      "vertices" : [ 0, 2, 1 ]
    } ]
  }, {
    "id" : "e6c71ba3-9005-447e-ba1b-e5a77c4ab58c",
    "vertices" : [ {
      "x" : 29.652475,
      "y" : -20.562305,
      "z" : 43.742645
    }, {
      "x" : 21.18034,
      "y" : -20.562305,
      "z" : 38.506577
    }, {
      "x" : 32.27051,
      "y" : -19.562305,
      "z" : 36.888542
    } ],
    "faces" : [ {
      "vertices" : [ 0, 1, 2 ]
    }, {
      "vertices" : [ 0, 2, 1 ]
    } ]
  }, {
    "id" : "264575a5-cd8b-4dad-94a1-ef84c33ad2dd",
    "vertices" : [ {
      "x" : -21.18034,
      "y" : 20.562305,
      "z" : 38.506577
    }, {
      "x" : -14.326238,
      "y" : 17.944271,
      "z" : 39.506577
    }, {
      "x" : -15.944272,
      "y" : 15.326238,
      "z" : 30.034441
    } ],
    "faces" : [ {
      "vertices" : [ 0, 1, 2 ]
    }, {
      "vertices" : [ 0, 2, 1 ]
    } ]
  }, {
    "id" : "78896fc8-27d2-4064-a351-6428794c1259",
    "vertices" : [ {
      "x" : 4.236068,
      "y" : -61.686916,
      "z" : 28.034441
    }, {
      "x" : 11.09017,
      "y" : -59.068882,
      "z" : 27.034441
    }, {
      "x" : 9.472136,
      "y" : -56.45085,
      "z" : 36.506577
    } ],
    "faces" : [ {
      "vertices" : [ 0, 1, 2 ]
    }, {
      "vertices" : [ 0, 2, 1 ]
    } ]
  }, {
    "id" : "a6d9bd47-1180-4498-b63e-d8249f77fed2",
    "vertices" : [ {
      "x" : -39.12461,
      "y" : -13.708204,
      "z" : 49.59675
    }, {
      "x" : -33.888542,
      "y" : -13.708204,
      "z" : 54.832817
    }, {
      "x" : -39.12461,
      "y" : -8.472136,
      "z" : 54.832817
    } ],
    "faces" : [ {
      "vertices" : [ 0, 1, 2 ]
    }, {
      "vertices" : [ 0, 2, 1 ]
    } ]
  }, {
    "id" : "e2b62c4b-abd7-425b-96b2-13efa0c9da1b",
    "vertices" : [ {
      "x" : 56.45085,
      "y" : -14.326238,
      "z" : -9.472136
    }, {
      "x" : 50.59675,
      "y" : -10.09017,
      "z" : -11.09017
    }, {
      "x" : 52.214783,
      "y" : -7.472136,
      "z" : -1.618034
    } ],
    "faces" : [ {
      "vertices" : [ 0, 1, 2 ]
    }, {
      "vertices" : [ 0, 2, 1 ]
    } ]
  }, {
    "id" : "c59b80a7-ed46-419b-a578-f7c79b1af6e5",
    "vertices" : [ {
      "x" : -39.506577,
      "y" : -14.326238,
      "z" : -17.944271
    }, {
      "x" : -31.652475,
      "y" : -10.09017,
      "z" : -11.09017
    }, {
      "x" : -30.034441,
      "y" : -15.944272,
      "z" : -15.326238
    } ],
    "faces" : [ {
      "vertices" : [ 0, 1, 2 ]
    }, {
      "vertices" : [ 0, 2, 1 ]
    } ]
  }, {
    "id" : "3c7c5e38-a2db-44fe-981b-8bc2f83546f9",
    "vertices" : [ {
      "x" : 34.888542,
      "y" : 15.326238,
      "z" : -52.214783
    }, {
      "x" : 40.742645,
      "y" : 11.09017,
      "z" : -50.59675
    }, {
      "x" : 36.506577,
      "y" : 9.472136,
      "z" : -56.45085
    } ],
    "faces" : [ {
      "vertices" : [ 0, 1, 2 ]
    }, {
      "vertices" : [ 0, 2, 1 ]
    } ]
  }, {
